{
 "cells": [
  {
   "cell_type": "code",
   "execution_count": 1,
   "metadata": {},
   "outputs": [],
   "source": [
    "import numpy as np\n",
    "# import sklearn as sk\n",
    "from numpy import linalg as la"
   ]
  },
  {
   "cell_type": "code",
   "execution_count": 2,
   "metadata": {},
   "outputs": [],
   "source": [
    "data = np.random.rand(100, 2)"
   ]
  },
  {
   "cell_type": "code",
   "execution_count": 4,
   "metadata": {},
   "outputs": [
    {
     "data": {
      "text/plain": [
       "array([[0.40624072, 0.36157018],\n",
       "       [0.44517416, 0.84885675],\n",
       "       [0.9840554 , 0.47197569],\n",
       "       [0.63695946, 0.28543712],\n",
       "       [0.02232263, 0.48130204],\n",
       "       [0.29341742, 0.56906829],\n",
       "       [0.65467457, 0.84203599],\n",
       "       [0.80749051, 0.23016233],\n",
       "       [0.73543419, 0.95006541],\n",
       "       [0.07520938, 0.9910182 ],\n",
       "       [0.71811712, 0.05654421],\n",
       "       [0.80696126, 0.32270574],\n",
       "       [0.62403633, 0.19762559],\n",
       "       [0.9076555 , 0.88523092],\n",
       "       [0.61369315, 0.08887187],\n",
       "       [0.32017506, 0.59022899],\n",
       "       [0.30251324, 0.13250365],\n",
       "       [0.33336624, 0.62059576],\n",
       "       [0.73435751, 0.5869324 ],\n",
       "       [0.62653194, 0.64343191],\n",
       "       [0.276314  , 0.71086412],\n",
       "       [0.56806045, 0.65076175],\n",
       "       [0.19587104, 0.89667614],\n",
       "       [0.81034874, 0.13465197],\n",
       "       [0.05772319, 0.4724931 ],\n",
       "       [0.43726143, 0.31886844],\n",
       "       [0.98799053, 0.2072454 ],\n",
       "       [0.15083976, 0.31480636],\n",
       "       [0.52392678, 0.91871703],\n",
       "       [0.70324911, 0.74051196],\n",
       "       [0.38217699, 0.04294053],\n",
       "       [0.25551365, 0.73889366],\n",
       "       [0.46971516, 0.99853477],\n",
       "       [0.99714792, 0.39418294],\n",
       "       [0.16072482, 0.47875371],\n",
       "       [0.30815666, 0.06857519],\n",
       "       [0.03329997, 0.02028943],\n",
       "       [0.76604718, 0.41849658],\n",
       "       [0.4182024 , 0.21564288],\n",
       "       [0.91927897, 0.48433795],\n",
       "       [0.23930937, 0.02106918],\n",
       "       [0.25911095, 0.01546674],\n",
       "       [0.22295079, 0.17470148],\n",
       "       [0.37935357, 0.60035604],\n",
       "       [0.70462468, 0.94655723],\n",
       "       [0.93822301, 0.61887702],\n",
       "       [0.6912905 , 0.57207014],\n",
       "       [0.03619139, 0.46784397],\n",
       "       [0.9398721 , 0.19166901],\n",
       "       [0.74999399, 0.0300666 ],\n",
       "       [0.2852515 , 0.31593185],\n",
       "       [0.6005109 , 0.73088768],\n",
       "       [0.97537102, 0.66483717],\n",
       "       [0.13627953, 0.71080507],\n",
       "       [0.46680167, 0.22197618],\n",
       "       [0.01819689, 0.72215736],\n",
       "       [0.50071463, 0.1977262 ],\n",
       "       [0.06250879, 0.32667855],\n",
       "       [0.70059949, 0.01211275],\n",
       "       [0.73504514, 0.92613209],\n",
       "       [0.05325174, 0.1795048 ],\n",
       "       [0.89628603, 0.70830252],\n",
       "       [0.6084197 , 0.63439842],\n",
       "       [0.66786091, 0.47540445],\n",
       "       [0.93373487, 0.43984937],\n",
       "       [0.52714776, 0.48541822],\n",
       "       [0.53904249, 0.38878971],\n",
       "       [0.43019794, 0.1265261 ],\n",
       "       [0.12928164, 0.21102319],\n",
       "       [0.56357732, 0.91511276],\n",
       "       [0.52626686, 0.30221572],\n",
       "       [0.09556658, 0.74873437],\n",
       "       [0.52090183, 0.96756552],\n",
       "       [0.1454215 , 0.49978965],\n",
       "       [0.8657645 , 0.72277082],\n",
       "       [0.46803521, 0.19463036],\n",
       "       [0.77026791, 0.27098622],\n",
       "       [0.91005666, 0.33712011],\n",
       "       [0.36829165, 0.34066361],\n",
       "       [0.1055389 , 0.27853654],\n",
       "       [0.82456824, 0.87257686],\n",
       "       [0.00688822, 0.11071181],\n",
       "       [0.75166737, 0.39550791],\n",
       "       [0.31605523, 0.8425864 ],\n",
       "       [0.59260485, 0.47424939],\n",
       "       [0.93327692, 0.80325361],\n",
       "       [0.19615415, 0.35258414],\n",
       "       [0.35310245, 0.70088831],\n",
       "       [0.32327043, 0.84650713],\n",
       "       [0.90283799, 0.18270328],\n",
       "       [0.51838096, 0.64654293],\n",
       "       [0.24041853, 0.25679355],\n",
       "       [0.91761288, 0.09137538],\n",
       "       [0.94375473, 0.09595704],\n",
       "       [0.90118063, 0.86652331],\n",
       "       [0.63663018, 0.48623538],\n",
       "       [0.22925145, 0.3311474 ],\n",
       "       [0.12029748, 0.40339202],\n",
       "       [0.08769142, 0.82103943],\n",
       "       [0.07110451, 0.71809002]])"
      ]
     },
     "execution_count": 4,
     "metadata": {},
     "output_type": "execute_result"
    }
   ],
   "source": [
    "data"
   ]
  },
  {
   "cell_type": "code",
   "execution_count": 6,
   "metadata": {},
   "outputs": [],
   "source": [
    "class FuzzyCMeans():\n",
    "    def __init__(self, n_clusters, m = 2, max_iter = 100, tolerance = 1e-5):\n",
    "        self.n_clusters = n_clusters\n",
    "        self.max_iter = max_iter\n",
    "        self.tolerance = tolerance\n",
    "        self.m = m\n",
    "\n",
    "    def initialize_membership(self, data_size):\n",
    "        membership = np.random.rand(data_size, self.n_clusters) # to assign random membership\n",
    "        membership = membership/np.sum(membership, axis=1)[:, np.newaxis]\n",
    "        print(f'Mean : {membership}')\n",
    "        print(f'Shape : {membership.shape}')\n",
    "        return membership\n",
    "    \n",
    "    def calc_clus_centroids(self, data, membership):\n",
    "        um = membership**self.m\n",
    "        print(\"\\n \\n Shape of UM:\", um.shape, \"\\n \\n\")\n",
    "        denominator = um.sum(axis = 0)\n",
    "        clus_centre = np.dot(data.T, um)/denominator\n",
    "        print()\n",
    "        print(f'Cluster Centres : {clus_centre}')\n",
    "        print()\n",
    "        return clus_centre\n",
    "        \n",
    "\n",
    "    def cal_membership(self, data, clus_centre):\n",
    "        dist = la.norm(data[:, np.newaxis] - clus_centre.T, axis=2)  # distance from each cluster point\n",
    "        dist = np.fmax(dist, np.finfo(dist.dtype).eps)\n",
    "        powered_dist = dist**(-2/(self.m -1))\n",
    "        membership = powered_dist/powered_dist.sum(axis=1)[:, np.newaxis]\n",
    "        return membership\n",
    "    \n",
    "    def campute_obj_func(self, data, clus_centre, membership):\n",
    "        up = membership**self.m\n",
    "        dist = la.norm(data[:, np.newaxis] - clus_centre.T, axis=2)\n",
    "        obj = np.sum(up*dist**2)\n",
    "        return obj\n",
    "    \n",
    "    def fit(self, data):\n",
    "        self.membership = self.initialize_membership(data.shape[0])\n",
    "        for _ in range(self.max_iter):\n",
    "            old_membership = np.copy(self.membership)\n",
    "            self.clus_centre = self.calc_clus_centroids(data, self.membership)\n",
    "            self.membership = self.cal_membership(data, self.clus_centre)\n",
    "            if la.norm(self.membership - old_membership)<self.tolerance:\n",
    "                break\n",
    "\n",
    "        self.obj_fun = self.campute_obj_func(data, self.clus_centre, self.membership)\n",
    "        \n",
    "    # def predict(self, data):\n",
    "        # predict the probability of input belonging to each cluster         \n",
    "\n"
   ]
  },
  {
   "cell_type": "code",
   "execution_count": 7,
   "metadata": {},
   "outputs": [],
   "source": [
    "FCM = FuzzyCMeans(3)"
   ]
  },
  {
   "cell_type": "code",
   "execution_count": 8,
   "metadata": {},
   "outputs": [
    {
     "name": "stdout",
     "output_type": "stream",
     "text": [
      "Mean : [[0.27875598 0.4834069  0.23783712]\n",
      " [0.51437654 0.34317237 0.14245109]\n",
      " [0.31095195 0.42802679 0.26102126]\n",
      " [0.45924708 0.49194224 0.04881068]\n",
      " [0.20272796 0.00874862 0.78852342]\n",
      " [0.21390588 0.09402554 0.69206858]\n",
      " [0.26139035 0.63672778 0.10188187]\n",
      " [0.39631555 0.30075543 0.30292902]\n",
      " [0.2223618  0.51368663 0.26395157]\n",
      " [0.31182029 0.17384095 0.51433876]\n",
      " [0.36250388 0.09887613 0.53862   ]\n",
      " [0.14209569 0.80554802 0.05235628]\n",
      " [0.15638686 0.27420803 0.56940511]\n",
      " [0.52140277 0.23672891 0.24186833]\n",
      " [0.29007611 0.18558685 0.52433704]\n",
      " [0.22236193 0.41935932 0.35827874]\n",
      " [0.52788173 0.44728183 0.02483644]\n",
      " [0.68299745 0.22835931 0.08864324]\n",
      " [0.42912826 0.39361747 0.17725427]\n",
      " [0.22820384 0.33687507 0.43492108]\n",
      " [0.43977911 0.17363594 0.38658495]\n",
      " [0.20224358 0.57050382 0.2272526 ]\n",
      " [0.56056094 0.435899   0.00354006]\n",
      " [0.05311295 0.49680564 0.45008141]\n",
      " [0.37436942 0.35574307 0.2698875 ]\n",
      " [0.18326072 0.38814495 0.42859433]\n",
      " [0.19109843 0.53059132 0.27831024]\n",
      " [0.1549952  0.63518846 0.20981635]\n",
      " [0.23336107 0.57470255 0.19193638]\n",
      " [0.78994719 0.00929214 0.20076067]\n",
      " [0.23567777 0.23678386 0.52753837]\n",
      " [0.57888756 0.41682472 0.00428772]\n",
      " [0.05885768 0.36748293 0.57365939]\n",
      " [0.02146159 0.68565202 0.29288638]\n",
      " [0.24263876 0.23751757 0.51984367]\n",
      " [0.32069166 0.52338266 0.15592568]\n",
      " [0.3089329  0.45625859 0.23480852]\n",
      " [0.0904715  0.48494711 0.42458139]\n",
      " [0.64816288 0.1086358  0.24320131]\n",
      " [0.51989689 0.03394031 0.44616279]\n",
      " [0.4919194  0.31879619 0.18928441]\n",
      " [0.30224716 0.56934769 0.12840515]\n",
      " [0.45569836 0.27500327 0.26929837]\n",
      " [0.24472991 0.09622515 0.65904494]\n",
      " [0.31632655 0.33317061 0.35050284]\n",
      " [0.03058224 0.42736016 0.5420576 ]\n",
      " [0.17341102 0.50996022 0.31662876]\n",
      " [0.30427835 0.30220477 0.39351688]\n",
      " [0.17808858 0.81840395 0.00350747]\n",
      " [0.49952547 0.39377766 0.10669687]\n",
      " [0.49230558 0.18766549 0.32002893]\n",
      " [0.20613322 0.38069704 0.41316974]\n",
      " [0.04313527 0.32217475 0.63468998]\n",
      " [0.39987831 0.03466314 0.56545855]\n",
      " [0.266821   0.1301168  0.6030622 ]\n",
      " [0.30392812 0.39426079 0.30181109]\n",
      " [0.40766936 0.305618   0.28671264]\n",
      " [0.16586842 0.7059849  0.12814668]\n",
      " [0.34154627 0.46564196 0.19281177]\n",
      " [0.17852982 0.47562181 0.34584837]\n",
      " [0.26883758 0.37350011 0.35766231]\n",
      " [0.39765234 0.19276734 0.40958032]\n",
      " [0.44333579 0.39252926 0.16413495]\n",
      " [0.28099555 0.31584776 0.40315669]\n",
      " [0.58389451 0.011402   0.40470349]\n",
      " [0.44911068 0.01747943 0.53340989]\n",
      " [0.36806704 0.01121808 0.62071488]\n",
      " [0.82803107 0.06330228 0.10866665]\n",
      " [0.11885815 0.61212088 0.26902098]\n",
      " [0.29583432 0.58661579 0.11754989]\n",
      " [0.29161933 0.1983981  0.50998257]\n",
      " [0.30180001 0.50132634 0.19687365]\n",
      " [0.28533226 0.38597579 0.32869195]\n",
      " [0.54460672 0.33040298 0.1249903 ]\n",
      " [0.33750922 0.32627165 0.33621913]\n",
      " [0.40129792 0.14973604 0.44896604]\n",
      " [0.5178455  0.21787397 0.26428053]\n",
      " [0.18619155 0.61536361 0.19844484]\n",
      " [0.45757933 0.45434154 0.08807914]\n",
      " [0.40966689 0.29927406 0.29105904]\n",
      " [0.24089988 0.68934965 0.06975047]\n",
      " [0.57655955 0.18376743 0.23967302]\n",
      " [0.10390565 0.01601211 0.88008224]\n",
      " [0.46201601 0.53574871 0.00223528]\n",
      " [0.23162514 0.10823664 0.66013823]\n",
      " [0.12072503 0.3435366  0.53573837]\n",
      " [0.16976223 0.60890246 0.2213353 ]\n",
      " [0.106008   0.42401461 0.46997739]\n",
      " [0.30641296 0.31972762 0.37385942]\n",
      " [0.66446981 0.17305822 0.16247197]\n",
      " [0.25573249 0.43186084 0.31240667]\n",
      " [0.36402936 0.337945   0.29802564]\n",
      " [0.35057838 0.25057335 0.39884827]\n",
      " [0.57104779 0.38493356 0.04401865]\n",
      " [0.21282832 0.3604474  0.42672428]\n",
      " [0.5884339  0.16984904 0.24171706]\n",
      " [0.05640579 0.24641029 0.69718392]\n",
      " [0.41532232 0.3119069  0.27277078]\n",
      " [0.04225244 0.70062422 0.25712333]\n",
      " [0.01599779 0.69193012 0.29207208]]\n",
      "Shape : (100, 3)\n",
      "\n",
      " \n",
      " Shape of UM: (100, 3) \n",
      " \n",
      "\n",
      "\n",
      "Cluster Centres : [[0.49655617 0.51180128 0.50876057]\n",
      " [0.43541491 0.49346947 0.48275878]]\n",
      "\n",
      "\n",
      " \n",
      " Shape of UM: (100, 3) \n",
      " \n",
      "\n",
      "\n",
      "Cluster Centres : [[0.48000331 0.51552461 0.5085891 ]\n",
      " [0.40680249 0.51747288 0.49764146]]\n",
      "\n",
      "\n",
      " \n",
      " Shape of UM: (100, 3) \n",
      " \n",
      "\n",
      "\n",
      "Cluster Centres : [[0.45687283 0.53204352 0.51818534]\n",
      " [0.35669137 0.55458102 0.51820889]]\n",
      "\n",
      "\n",
      " \n",
      " Shape of UM: (100, 3) \n",
      " \n",
      "\n",
      "\n",
      "Cluster Centres : [[0.42385837 0.55820707 0.53419578]\n",
      " [0.30147202 0.60487198 0.54334441]]\n",
      "\n",
      "\n",
      " \n",
      " Shape of UM: (100, 3) \n",
      " \n",
      "\n",
      "\n",
      "Cluster Centres : [[0.39047314 0.58543349 0.55193548]\n",
      " [0.26443997 0.64914002 0.55379575]]\n",
      "\n",
      "\n",
      " \n",
      " Shape of UM: (100, 3) \n",
      " \n",
      "\n",
      "\n",
      "Cluster Centres : [[0.36100416 0.60483652 0.56928893]\n",
      " [0.24946935 0.67911767 0.53913356]]\n",
      "\n",
      "\n",
      " \n",
      " Shape of UM: (100, 3) \n",
      " \n",
      "\n",
      "\n",
      "Cluster Centres : [[0.33369945 0.61392133 0.59415869]\n",
      " [0.2486462  0.70608801 0.50633281]]\n",
      "\n",
      "\n",
      " \n",
      " Shape of UM: (100, 3) \n",
      " \n",
      "\n",
      "\n",
      "Cluster Centres : [[0.30487008 0.60939005 0.63325932]\n",
      " [0.2562257  0.73473047 0.462918  ]]\n",
      "\n",
      "\n",
      " \n",
      " Shape of UM: (100, 3) \n",
      " \n",
      "\n",
      "\n",
      "Cluster Centres : [[0.2735767  0.59213281 0.6826563 ]\n",
      " [0.26979623 0.76159163 0.41600148]]\n",
      "\n",
      "\n",
      " \n",
      " Shape of UM: (100, 3) \n",
      " \n",
      "\n",
      "\n",
      "Cluster Centres : [[0.24581927 0.57096486 0.72910239]\n",
      " [0.28560793 0.78013095 0.37290362]]\n",
      "\n",
      "\n",
      " \n",
      " Shape of UM: (100, 3) \n",
      " \n",
      "\n",
      "\n",
      "Cluster Centres : [[0.22837283 0.55554907 0.76048888]\n",
      " [0.29880689 0.78753805 0.34134177]]\n",
      "\n",
      "\n",
      " \n",
      " Shape of UM: (100, 3) \n",
      " \n",
      "\n",
      "\n",
      "Cluster Centres : [[0.22033878 0.54821631 0.77648452]\n",
      " [0.30734579 0.78787748 0.32243531]]\n",
      "\n",
      "\n",
      " \n",
      " Shape of UM: (100, 3) \n",
      " \n",
      "\n",
      "\n",
      "Cluster Centres : [[0.21710791 0.54623886 0.78335213]\n",
      " [0.31226694 0.78607814 0.31202536]]\n",
      "\n",
      "\n",
      " \n",
      " Shape of UM: (100, 3) \n",
      " \n",
      "\n",
      "\n",
      "Cluster Centres : [[0.2156728  0.54683184 0.78597225]\n",
      " [0.31519112 0.78436263 0.3062119 ]]\n",
      "\n",
      "\n",
      " \n",
      " Shape of UM: (100, 3) \n",
      " \n",
      "\n",
      "\n",
      "Cluster Centres : [[0.21483277 0.54843246 0.78676189]\n",
      " [0.31715689 0.78320106 0.30273087]]\n",
      "\n",
      "\n",
      " \n",
      " Shape of UM: (100, 3) \n",
      " \n",
      "\n",
      "\n",
      "Cluster Centres : [[0.21419929 0.55032406 0.78677062]\n",
      " [0.31866684 0.78250506 0.30044457]]\n",
      "\n",
      "\n",
      " \n",
      " Shape of UM: (100, 3) \n",
      " \n",
      "\n",
      "\n",
      "Cluster Centres : [[0.21365795 0.5522089  0.78644991]\n",
      " [0.31993588 0.78210802 0.29880009]]\n",
      "\n",
      "\n",
      " \n",
      " Shape of UM: (100, 3) \n",
      " \n",
      "\n",
      "\n",
      "Cluster Centres : [[0.21317587 0.55397427 0.78600014]\n",
      " [0.32105159 0.7818839  0.2975262 ]]\n",
      "\n",
      "\n",
      " \n",
      " Shape of UM: (100, 3) \n",
      " \n",
      "\n",
      "\n",
      "Cluster Centres : [[0.21274251 0.55558509 0.78551321]\n",
      " [0.32205053 0.78175486 0.29648577]]\n",
      "\n",
      "\n",
      " \n",
      " Shape of UM: (100, 3) \n",
      " \n",
      "\n",
      "\n",
      "Cluster Centres : [[0.21235297 0.55703763 0.7850319 ]\n",
      " [0.32295011 0.78167682 0.29560623]]\n",
      "\n",
      "\n",
      " \n",
      " Shape of UM: (100, 3) \n",
      " \n",
      "\n",
      "\n",
      "Cluster Centres : [[0.21200356 0.55834015 0.78457567]\n",
      " [0.32376088 0.78162589 0.29484682]]\n",
      "\n",
      "\n",
      " \n",
      " Shape of UM: (100, 3) \n",
      " \n",
      "\n",
      "\n",
      "Cluster Centres : [[0.21169083 0.5595049  0.78415263]\n",
      " [0.32449096 0.78158948 0.29418282]]\n",
      "\n",
      "\n",
      " \n",
      " Shape of UM: (100, 3) \n",
      " \n",
      "\n",
      "\n",
      "Cluster Centres : [[0.21141141 0.56054497 0.78376525]\n",
      " [0.32514752 0.78156107 0.29359796]]\n",
      "\n",
      "\n",
      " \n",
      " Shape of UM: (100, 3) \n",
      " \n",
      "\n",
      "\n",
      "Cluster Centres : [[0.21116203 0.56147292 0.78341318]\n",
      " [0.32573719 0.78153733 0.29308061]]\n",
      "\n",
      "\n",
      " \n",
      " Shape of UM: (100, 3) \n",
      " \n",
      "\n",
      "\n",
      "Cluster Centres : [[0.21093967 0.56230043 0.78309473]\n",
      " [0.32626617 0.78151657 0.29262185]]\n",
      "\n",
      "\n",
      " \n",
      " Shape of UM: (100, 3) \n",
      " \n",
      "\n",
      "\n",
      "Cluster Centres : [[0.21074151 0.56303812 0.78280761]\n",
      " [0.32674024 0.78149795 0.29221446]]\n",
      "\n",
      "\n",
      " \n",
      " Shape of UM: (100, 3) \n",
      " \n",
      "\n",
      "\n",
      "Cluster Centres : [[0.21056498 0.56369558 0.78254933]\n",
      " [0.32716475 0.78148103 0.2918524 ]]\n",
      "\n",
      "\n",
      " \n",
      " Shape of UM: (100, 3) \n",
      " \n",
      "\n",
      "\n",
      "Cluster Centres : [[0.21040776 0.5642814  0.78231737]\n",
      " [0.32754459 0.78146558 0.29153045]]\n",
      "\n",
      "\n",
      " \n",
      " Shape of UM: (100, 3) \n",
      " \n",
      "\n",
      "\n",
      "Cluster Centres : [[0.21026777 0.56480332 0.78210931]\n",
      " [0.32788426 0.78145144 0.2912441 ]]\n",
      "\n",
      "\n",
      " \n",
      " Shape of UM: (100, 3) \n",
      " \n",
      "\n",
      "\n",
      "Cluster Centres : [[0.21014313 0.56526825 0.78192288]\n",
      " [0.32818784 0.78143853 0.29098936]]\n",
      "\n",
      "\n",
      " \n",
      " Shape of UM: (100, 3) \n",
      " \n",
      "\n",
      "\n",
      "Cluster Centres : [[0.21003217 0.56568236 0.78175598]\n",
      " [0.32845903 0.78142676 0.29076272]]\n",
      "\n",
      "\n",
      " \n",
      " Shape of UM: (100, 3) \n",
      " \n",
      "\n",
      "\n",
      "Cluster Centres : [[0.20993339 0.56605118 0.78160666]\n",
      " [0.32870119 0.78141604 0.29056106]]\n",
      "\n",
      "\n",
      " \n",
      " Shape of UM: (100, 3) \n",
      " \n",
      "\n",
      "\n",
      "Cluster Centres : [[0.20984546 0.56637962 0.78147315]\n",
      " [0.32891735 0.78140632 0.29038163]]\n",
      "\n",
      "\n",
      " \n",
      " Shape of UM: (100, 3) \n",
      " \n",
      "\n",
      "\n",
      "Cluster Centres : [[0.20976719 0.5666721  0.78135384]\n",
      " [0.32911023 0.78139751 0.29022196]]\n",
      "\n",
      "\n",
      " \n",
      " Shape of UM: (100, 3) \n",
      " \n",
      "\n",
      "\n",
      "Cluster Centres : [[0.20969752 0.56693253 0.78124726]\n",
      " [0.3292823  0.78138955 0.29007988]]\n",
      "\n",
      "\n",
      " \n",
      " Shape of UM: (100, 3) \n",
      " \n",
      "\n",
      "\n",
      "Cluster Centres : [[0.2096355  0.56716441 0.7811521 ]\n",
      " [0.32943576 0.78138236 0.28995345]]\n",
      "\n",
      "\n",
      " \n",
      " Shape of UM: (100, 3) \n",
      " \n",
      "\n",
      "\n",
      "Cluster Centres : [[0.2095803  0.56737086 0.78106717]\n",
      " [0.32957259 0.78137589 0.28984093]]\n",
      "\n",
      "\n",
      " \n",
      " Shape of UM: (100, 3) \n",
      " \n",
      "\n",
      "\n",
      "Cluster Centres : [[0.20953117 0.56755467 0.78099138]\n",
      " [0.32969457 0.78137007 0.28974081]]\n",
      "\n",
      "\n",
      " \n",
      " Shape of UM: (100, 3) \n",
      " \n",
      "\n",
      "\n",
      "Cluster Centres : [[0.20948744 0.56771831 0.78092378]\n",
      " [0.32980329 0.78136483 0.2896517 ]]\n",
      "\n",
      "\n",
      " \n",
      " Shape of UM: (100, 3) \n",
      " \n",
      "\n",
      "\n",
      "Cluster Centres : [[0.20944851 0.56786399 0.78086349]\n",
      " [0.32990019 0.78136014 0.2895724 ]]\n",
      "\n",
      "\n",
      " \n",
      " Shape of UM: (100, 3) \n",
      " \n",
      "\n",
      "\n",
      "Cluster Centres : [[0.20941386 0.56799369 0.78080973]\n",
      " [0.32998652 0.78135593 0.28950182]]\n",
      "\n",
      "\n",
      " \n",
      " Shape of UM: (100, 3) \n",
      " \n",
      "\n",
      "\n",
      "Cluster Centres : [[0.20938303 0.56810914 0.78076181]\n",
      " [0.33006344 0.78135215 0.28943902]]\n",
      "\n",
      "\n",
      " \n",
      " Shape of UM: (100, 3) \n",
      " \n",
      "\n",
      "\n",
      "Cluster Centres : [[0.20935558 0.56821191 0.7807191 ]\n",
      " [0.33013197 0.78134877 0.28938312]]\n",
      "\n",
      "\n",
      " \n",
      " Shape of UM: (100, 3) \n",
      " \n",
      "\n",
      "\n",
      "Cluster Centres : [[0.20933114 0.5683034  0.78068104]\n",
      " [0.33019301 0.78134575 0.28933337]]\n",
      "\n",
      "\n",
      " \n",
      " Shape of UM: (100, 3) \n",
      " \n",
      "\n",
      "\n",
      "Cluster Centres : [[0.2093094  0.56838484 0.78064712]\n",
      " [0.33024737 0.78134305 0.2892891 ]]\n",
      "\n",
      "\n",
      " \n",
      " Shape of UM: (100, 3) \n",
      " \n",
      "\n",
      "\n",
      "Cluster Centres : [[0.20929004 0.56845733 0.7806169 ]\n",
      " [0.33029579 0.78134063 0.28924969]]\n",
      "\n",
      "\n",
      " \n",
      " Shape of UM: (100, 3) \n",
      " \n",
      "\n",
      "\n",
      "Cluster Centres : [[0.20927282 0.56852186 0.78058999]\n",
      " [0.33033891 0.78133848 0.28921462]]\n",
      "\n",
      "\n",
      " \n",
      " Shape of UM: (100, 3) \n",
      " \n",
      "\n",
      "\n",
      "Cluster Centres : [[0.20925748 0.5685793  0.78056601]\n",
      " [0.33037731 0.78133655 0.28918341]]\n",
      "\n",
      "\n",
      " \n",
      " Shape of UM: (100, 3) \n",
      " \n",
      "\n",
      "\n",
      "Cluster Centres : [[0.20924383 0.56863043 0.78054465]\n",
      " [0.3304115  0.78133483 0.28915563]]\n",
      "\n",
      "\n",
      " \n",
      " Shape of UM: (100, 3) \n",
      " \n",
      "\n",
      "\n",
      "Cluster Centres : [[0.20923169 0.56867594 0.78052563]\n",
      " [0.33044195 0.7813333  0.2891309 ]]\n",
      "\n",
      "\n",
      " \n",
      " Shape of UM: (100, 3) \n",
      " \n",
      "\n",
      "\n",
      "Cluster Centres : [[0.20922087 0.56871644 0.78050869]\n",
      " [0.33046905 0.78133193 0.2891089 ]]\n",
      "\n",
      "\n",
      " \n",
      " Shape of UM: (100, 3) \n",
      " \n",
      "\n",
      "\n",
      "Cluster Centres : [[0.20921125 0.5687525  0.78049361]\n",
      " [0.33049319 0.78133071 0.28908931]]\n",
      "\n",
      "\n",
      " \n",
      " Shape of UM: (100, 3) \n",
      " \n",
      "\n",
      "\n",
      "Cluster Centres : [[0.20920269 0.5687846  0.78048018]\n",
      " [0.33051467 0.78132962 0.28907188]]\n",
      "\n",
      "\n",
      " \n",
      " Shape of UM: (100, 3) \n",
      " \n",
      "\n",
      "\n",
      "Cluster Centres : [[0.20919506 0.56881316 0.78046822]\n",
      " [0.3305338  0.78132865 0.28905637]]\n",
      "\n",
      "\n",
      " \n",
      " Shape of UM: (100, 3) \n",
      " \n",
      "\n",
      "\n",
      "Cluster Centres : [[0.20918828 0.56883859 0.78045757]\n",
      " [0.33055083 0.78132778 0.28904256]]\n",
      "\n",
      "\n",
      " \n",
      " Shape of UM: (100, 3) \n",
      " \n",
      "\n",
      "\n",
      "Cluster Centres : [[0.20918224 0.56886122 0.78044809]\n",
      " [0.33056599 0.78132701 0.28903027]]\n",
      "\n",
      "\n",
      " \n",
      " Shape of UM: (100, 3) \n",
      " \n",
      "\n",
      "\n",
      "Cluster Centres : [[0.20917686 0.56888137 0.78043965]\n",
      " [0.33057949 0.78132632 0.28901933]]\n",
      "\n",
      "\n",
      " \n",
      " Shape of UM: (100, 3) \n",
      " \n",
      "\n",
      "\n",
      "Cluster Centres : [[0.20917208 0.5688993  0.78043214]\n",
      " [0.3305915  0.78132571 0.28900959]]\n",
      "\n",
      "\n",
      " \n",
      " Shape of UM: (100, 3) \n",
      " \n",
      "\n",
      "\n",
      "Cluster Centres : [[0.20916782 0.56891526 0.78042545]\n",
      " [0.3306022  0.78132517 0.28900093]]\n",
      "\n",
      "\n",
      " \n",
      " Shape of UM: (100, 3) \n",
      " \n",
      "\n",
      "\n",
      "Cluster Centres : [[0.20916403 0.56892946 0.78041949]\n",
      " [0.33061172 0.78132468 0.28899321]]\n",
      "\n",
      "\n",
      " \n",
      " Shape of UM: (100, 3) \n",
      " \n",
      "\n",
      "\n",
      "Cluster Centres : [[0.20916065 0.56894211 0.78041419]\n",
      " [0.33062019 0.78132425 0.28898635]]\n",
      "\n",
      "\n",
      " \n",
      " Shape of UM: (100, 3) \n",
      " \n",
      "\n",
      "\n",
      "Cluster Centres : [[0.20915765 0.56895336 0.78040947]\n",
      " [0.33062774 0.78132386 0.28898024]]\n",
      "\n",
      "\n",
      " \n",
      " Shape of UM: (100, 3) \n",
      " \n",
      "\n",
      "\n",
      "Cluster Centres : [[0.20915498 0.56896338 0.78040527]\n",
      " [0.33063445 0.78132352 0.2889748 ]]\n",
      "\n",
      "\n",
      " \n",
      " Shape of UM: (100, 3) \n",
      " \n",
      "\n",
      "\n",
      "Cluster Centres : [[0.2091526  0.56897229 0.78040153]\n",
      " [0.33064043 0.78132322 0.28896996]]\n",
      "\n",
      "\n",
      " \n",
      " Shape of UM: (100, 3) \n",
      " \n",
      "\n",
      "\n",
      "Cluster Centres : [[0.20915048 0.56898023 0.7803982 ]\n",
      " [0.33064575 0.78132294 0.28896565]]\n",
      "\n",
      "\n",
      " \n",
      " Shape of UM: (100, 3) \n",
      " \n",
      "\n",
      "\n",
      "Cluster Centres : [[0.2091486  0.56898729 0.78039524]\n",
      " [0.33065048 0.7813227  0.28896182]]\n",
      "\n",
      "\n",
      " \n",
      " Shape of UM: (100, 3) \n",
      " \n",
      "\n",
      "\n",
      "Cluster Centres : [[0.20914692 0.56899358 0.7803926 ]\n",
      " [0.3306547  0.78132249 0.28895841]]\n",
      "\n",
      "\n",
      " \n",
      " Shape of UM: (100, 3) \n",
      " \n",
      "\n",
      "\n",
      "Cluster Centres : [[0.20914543 0.56899917 0.78039026]\n",
      " [0.33065845 0.78132229 0.28895537]]\n",
      "\n",
      "\n",
      " \n",
      " Shape of UM: (100, 3) \n",
      " \n",
      "\n",
      "\n",
      "Cluster Centres : [[0.2091441  0.56900416 0.78038817]\n",
      " [0.33066179 0.78132212 0.28895266]]\n",
      "\n",
      "\n",
      " \n",
      " Shape of UM: (100, 3) \n",
      " \n",
      "\n",
      "\n",
      "Cluster Centres : [[0.20914291 0.56900859 0.78038631]\n",
      " [0.33066476 0.78132197 0.28895026]]\n",
      "\n",
      "\n",
      " \n",
      " Shape of UM: (100, 3) \n",
      " \n",
      "\n",
      "\n",
      "Cluster Centres : [[0.20914186 0.56901253 0.78038465]\n",
      " [0.33066741 0.78132184 0.28894812]]\n",
      "\n",
      "\n",
      " \n",
      " Shape of UM: (100, 3) \n",
      " \n",
      "\n",
      "\n",
      "Cluster Centres : [[0.20914092 0.56901605 0.78038318]\n",
      " [0.33066976 0.78132171 0.28894621]]\n",
      "\n",
      "\n",
      " \n",
      " Shape of UM: (100, 3) \n",
      " \n",
      "\n",
      "\n",
      "Cluster Centres : [[0.20914009 0.56901917 0.78038187]\n",
      " [0.33067186 0.78132161 0.28894451]]\n",
      "\n",
      "\n",
      " \n",
      " Shape of UM: (100, 3) \n",
      " \n",
      "\n",
      "\n",
      "Cluster Centres : [[0.20913935 0.56902195 0.7803807 ]\n",
      " [0.33067372 0.78132151 0.288943  ]]\n",
      "\n",
      "\n",
      " \n",
      " Shape of UM: (100, 3) \n",
      " \n",
      "\n",
      "\n",
      "Cluster Centres : [[0.20913869 0.56902443 0.78037966]\n",
      " [0.33067539 0.78132143 0.28894166]]\n",
      "\n",
      "\n",
      " \n",
      " Shape of UM: (100, 3) \n",
      " \n",
      "\n",
      "\n",
      "Cluster Centres : [[0.2091381  0.56902663 0.78037873]\n",
      " [0.33067686 0.78132135 0.28894046]]\n",
      "\n",
      "\n",
      " \n",
      " Shape of UM: (100, 3) \n",
      " \n",
      "\n",
      "\n",
      "Cluster Centres : [[0.20913758 0.5690286  0.78037791]\n",
      " [0.33067818 0.78132128 0.2889394 ]]\n",
      "\n",
      "\n",
      " \n",
      " Shape of UM: (100, 3) \n",
      " \n",
      "\n",
      "\n",
      "Cluster Centres : [[0.20913711 0.56903034 0.78037718]\n",
      " [0.33067935 0.78132122 0.28893845]]\n",
      "\n",
      "\n",
      " \n",
      " Shape of UM: (100, 3) \n",
      " \n",
      "\n",
      "\n",
      "Cluster Centres : [[0.2091367  0.5690319  0.78037653]\n",
      " [0.33068039 0.78132117 0.28893761]]\n",
      "\n",
      "\n",
      " \n",
      " Shape of UM: (100, 3) \n",
      " \n",
      "\n",
      "\n",
      "Cluster Centres : [[0.20913633 0.56903328 0.78037594]\n",
      " [0.33068132 0.78132112 0.28893685]]\n",
      "\n",
      "\n",
      " \n",
      " Shape of UM: (100, 3) \n",
      " \n",
      "\n",
      "\n",
      "Cluster Centres : [[0.209136   0.56903451 0.78037543]\n",
      " [0.33068215 0.78132108 0.28893619]]\n",
      "\n",
      "\n",
      " \n",
      " Shape of UM: (100, 3) \n",
      " \n",
      "\n",
      "\n",
      "Cluster Centres : [[0.20913571 0.56903561 0.78037497]\n",
      " [0.33068288 0.78132104 0.28893559]]\n",
      "\n",
      "\n",
      " \n",
      " Shape of UM: (100, 3) \n",
      " \n",
      "\n",
      "\n",
      "Cluster Centres : [[0.20913545 0.56903658 0.78037456]\n",
      " [0.33068353 0.78132101 0.28893506]]\n",
      "\n",
      "\n",
      " \n",
      " Shape of UM: (100, 3) \n",
      " \n",
      "\n",
      "\n",
      "Cluster Centres : [[0.20913521 0.56903745 0.78037419]\n",
      " [0.33068412 0.78132098 0.28893459]]\n",
      "\n",
      "\n",
      " \n",
      " Shape of UM: (100, 3) \n",
      " \n",
      "\n",
      "\n",
      "Cluster Centres : [[0.20913501 0.56903822 0.78037387]\n",
      " [0.33068464 0.78132095 0.28893417]]\n",
      "\n",
      "\n",
      " \n",
      " Shape of UM: (100, 3) \n",
      " \n",
      "\n",
      "\n",
      "Cluster Centres : [[0.20913482 0.56903891 0.78037358]\n",
      " [0.3306851  0.78132093 0.2889338 ]]\n",
      "\n",
      "\n",
      " \n",
      " Shape of UM: (100, 3) \n",
      " \n",
      "\n",
      "\n",
      "Cluster Centres : [[0.20913466 0.56903952 0.78037332]\n",
      " [0.33068551 0.78132091 0.28893347]]\n",
      "\n"
     ]
    }
   ],
   "source": [
    "FCM.fit(data)"
   ]
  },
  {
   "cell_type": "code",
   "execution_count": null,
   "metadata": {},
   "outputs": [],
   "source": []
  }
 ],
 "metadata": {
  "kernelspec": {
   "display_name": "Python 3",
   "language": "python",
   "name": "python3"
  },
  "language_info": {
   "codemirror_mode": {
    "name": "ipython",
    "version": 3
   },
   "file_extension": ".py",
   "mimetype": "text/x-python",
   "name": "python",
   "nbconvert_exporter": "python",
   "pygments_lexer": "ipython3",
   "version": "3.11.8"
  }
 },
 "nbformat": 4,
 "nbformat_minor": 2
}
